Start date and time: Tue Aug 16 01:13:20 2022
End date and time: Tue Apr  4 14:46:40 2023
Tue Apr  4 03:00:00 2023 | 1810.55 | 1874.05 | 1805.5 | 1864.95 | 1655238 | 912.20097211 | 

Mon Apr  3 15:00:00 2023 | 1808.05 | 1838.95 | 1712.5 | 1810.55 | 4246083 | 2374.65133735 | 

Mon Apr  3 03:00:00 2023 | 1794.1 | 1817.5 | 1763.6 | 1808.05 | 2337891 | 1316.74826655 | 

Sun Apr  2 15:00:00 2023 | 1817.25 | 1818.25 | 1775 | 1794.1 | 377572 | 209.77426316 | 

Sun Apr  2 03:00:00 2023 | 1820.75 | 1857.5 | 1810.35 | 1817.25 | 3302551 | 1817.84834473 | 

Sat Apr  1 15:00:00 2023 | 1824.55 | 1827.7 | 1811.65 | 1820.75 | 260681 | 143.15797452 | 

Sat Apr  1 03:00:00 2023 | 1822 | 1841 | 1814.5 | 1824.55 | 328397 | 179.93700637 | 

Fri Mar 31 15:00:00 2023 | 1793.7 | 1845.25 | 1792.2 | 1822 | 438959 | 240.5085575 | 

Fri Mar 31 03:00:00 2023 | 1793.1 | 1832.5 | 1781.95 | 1793.7 | 8483372 | 4710.20580134 | 

Thu Mar 30 15:00:00 2023 | 1805.2 | 1805.85 | 1700 | 1793.1 | 430283 | 241.18576308 | 

Thu Mar 30 03:00:00 2023 | 1793.05 | 1828.8 | 1768.8 | 1805.2 | 458571 | 255.85783001 | 

Wed Mar 29 15:00:00 2023 | 1811.15 | 1815.9 | 1783.35 | 1793.05 | 217011 | 120.4516835 | 

Wed Mar 29 03:00:00 2023 | 1772.9 | 1826.45 | 1772.9 | 1811.15 | 322204 | 178.80555463 | 

Tue Mar 28 15:00:00 2023 | 1746.3 | 1795.1 | 1729.05 | 1772.9 | 581429 | 331.52078125 | 

Tue Mar 28 03:00:00 2023 | 1714.65 | 1751.25 | 1702.9 | 1746.3 | 269046 | 156.0958669 | 

Mon Mar 27 15:00:00 2023 | 1765.95 | 1782.5 | 1688.8 | 1714.65 | 779961 | 454.62880249 | 

Mon Mar 27 03:00:00 2023 | 1774.95 | 1795 | 1687.5 | 1765.95 | 3004075 | 1717.41489054 | 

Sun Mar 26 15:00:00 2023 | 1779.4 | 1803.35 | 1711.85 | 1774.95 | 886437 | 500.29882882 | 

Sun Mar 26 03:00:00 2023 | 1743.9 | 1786.7 | 1740.8 | 1779.4 | 405746 | 229.75278451 | 

Sat Mar 25 15:00:00 2023 | 1747.1 | 1860 | 1715.55 | 1743.9 | 823669 | 471.99574746 | 

Sat Mar 25 03:00:00 2023 | 1750.9 | 1763.75 | 1740.25 | 1747.1 | 281456 | 160.81277309 | 

Fri Mar 24 15:00:00 2023 | 1750.1 | 1832.5 | 1662.5 | 1750.9 | 4171397 | 2385.15261065 | 

Fri Mar 24 03:00:00 2023 | 1816.35 | 1820.95 | 1484.55 | 1750.1 | 6336184 | 3910.14917027 | 

Thu Mar 23 15:00:00 2023 | 1759.15 | 1861.4 | 1745.85 | 1816.35 | 8765761 | 4790.90142757 | 

Thu Mar 23 03:00:00 2023 | 1737.65 | 1762.55 | 1732.6 | 1759.15 | 159929 | 91.51334386 | 

Wed Mar 22 15:00:00 2023 | 1788.85 | 1832.5 | 1700 | 1737.65 | 1581057 | 890.37933903 | 

Wed Mar 22 03:00:00 2023 | 1805.05 | 1811.75 | 1735.3 | 1788.85 | 914459 | 517.36990896 | 

Tue Mar 21 15:00:00 2023 | 1765.75 | 1844.35 | 1725 | 1805.05 | 3692365 | 2049.82281664 | 

Tue Mar 21 03:00:00 2023 | 1736.5 | 1770 | 1723.35 | 1765.75 | 241688 | 138.25471537 | 

Mon Mar 20 15:00:00 2023 | 1783.95 | 1787.65 | 1687.5 | 1736.5 | 600221 | 340.13675013 | 

Mon Mar 20 03:00:00 2023 | 1783.95 | 1820 | 1287.5 | 1783.95 | 985982 | 558.16142514 | 

Sun Mar 19 15:00:00 2023 | 1790.2 | 1843.95 | 1778.25 | 1783.95 | 730797 | 404.11851382 | 

Sun Mar 19 03:00:00 2023 | 1762.85 | 15972.95 | 752 | 1790.2 | 75859882 | 47396.78882293 | 

Sat Mar 18 15:00:00 2023 | 1817.3 | 1846.25 | 1752 | 1762.85 | 927326 | 518.00778202 | 

Sat Mar 18 03:00:00 2023 | 1792.9 | 1833.15 | 1774.1 | 1817.3 | 387086 | 213.79059896 | 

Fri Mar 17 15:00:00 2023 | 1764.85 | 1803 | 1700 | 1792.9 | 733787 | 419.64126528 | 

Fri Mar 17 03:00:00 2023 | 1676.2 | 1766.4 | 1635.15 | 1764.85 | 588588 | 343.78031688 | 

Thu Mar 16 15:00:00 2023 | 1664.7 | 1693.5 | 1617.75 | 1676.2 | 587838 | 353.08987753 | 

Thu Mar 16 03:00:00 2023 | 1655.15 | 1670 | 1626.65 | 1664.7 | 1132271 | 686.62777781 | 

Wed Mar 15 15:00:00 2023 | 1687.3 | 1730 | 1560 | 1655.15 | 4697008 | 2838.36711809 | 

Wed Mar 15 03:00:00 2023 | 1705.4 | 1722.9 | 1650 | 1687.3 | 636498 | 378.68376865 | 

Tue Mar 14 15:00:00 2023 | 1690.45 | 1815.85 | 1650 | 1705.4 | 9443727 | 5404.91083115 | 

Tue Mar 14 03:00:00 2023 | 1679.95 | 1698.7 | 1665.4 | 1690.45 | 482965 | 286.99031694 | 

Mon Mar 13 15:00:00 2023 | 1584.95 | 1701.65 | 1575.75 | 1679.95 | 1492229 | 899.58176624 | 

Mon Mar 13 03:00:00 2023 | 1589.05 | 1644.85 | 1570.55 | 1584.95 | 905939 | 562.11793866 | 

Sun Mar 12 15:00:00 2023 | 1473.6 | 1608.75 | 1460 | 1589.05 | 1847421 | 1200.73826157 | 

Sun Mar 12 03:00:00 2023 | 1482.7 | 1482.7 | 1463.9 | 1473.6 | 193304 | 131.20833485 | 

Sat Mar 11 15:00:00 2023 | 1434 | 1550 | 1310 | 1482.7 | 657727 | 454.71350619 | 

Sat Mar 11 03:00:00 2023 | 1429.85 | 1489.75 | 1416.2 | 1434 | 705886 | 486.36042997 | 

Fri Mar 10 15:00:00 2023 | 1384.3 | 1437.2 | 1360 | 1429.85 | 1499045 | 1060.57531395 | 

Fri Mar 10 03:00:00 2023 | 1436.45 | 1436.9 | 1370 | 1384.3 | 572075 | 406.82904155 | 

Thu Mar  9 15:00:00 2023 | 1533.9 | 1560 | 1411.15 | 1436.45 | 4703435 | 3146.00603514 | 

Thu Mar  9 03:00:00 2023 | 1531.95 | 1544.2 | 1520 | 1533.9 | 191412 | 124.88185127 | 

Wed Mar  8 15:00:00 2023 | 1556.85 | 1607.4 | 1485.9 | 1531.95 | 1063520 | 685.47151872 | 

Wed Mar  8 03:00:00 2023 | 1561.35 | 1569.8 | 1547.65 | 1556.85 | 389060 | 249.06676526 | 

Tue Mar  7 15:00:00 2023 | 1561.95 | 1566.1 | 1536.75 | 1561.35 | 2064922 | 1321.52555967 | 

Tue Mar  7 03:00:00 2023 | 1565.05 | 1582.5 | 1560.65 | 1561.95 | 213076 | 135.65779646 | 

Mon Mar  6 15:00:00 2023 | 1562.95 | 1582.1 | 1556 | 1565.05 | 281041 | 179.22251732 | 

Mon Mar  6 03:00:00 2023 | 1563.9 | 1647 | 1556 | 1562.95 | 1558691 | 993.63325941 | 

Sun Mar  5 15:00:00 2023 | 1568.2 | 1650 | 1487.85 | 1563.9 | 2117625 | 1351.35616851 | 

Sun Mar  5 03:00:00 2023 | 1566.1 | 1587.65 | 1554.85 | 1568.2 | 283031 | 180.35641992 | 

Sat Mar  4 15:00:00 2023 | 1568.65 | 1571.55 | 1550 | 1566.1 | 185734 | 118.79329604 | 

Sat Mar  4 03:00:00 2023 | 1568.75 | 1576.75 | 1562.95 | 1568.65 | 178891 | 113.98161405 | 

Fri Mar  3 15:00:00 2023 | 1564.4 | 1578.95 | 1490 | 1568.75 | 1138367 | 738.22971651 | 

Fri Mar  3 03:00:00 2023 | 1647.1 | 1648.35 | 1537.65 | 1564.4 | 776093 | 491.64933066 | 

Thu Mar  2 15:00:00 2023 | 1643.95 | 1735.45 | 1567.35 | 1647.1 | 1146776 | 698.1632041 | 

Thu Mar  2 03:00:00 2023 | 1664.75 | 1677.35 | 1637.25 | 1643.95 | 307558 | 186.89599611 | 

Wed Mar  1 15:00:00 2023 | 1656 | 1670 | 1506.65 | 1664.75 | 871939 | 530.11583892 | 

Wed Mar  1 03:00:00 2023 | 1604.45 | 1665.9 | 1596.15 | 1656 | 237753 | 144.98733943 | 

Tue Feb 28 15:00:00 2023 | 1629.25 | 1670 | 1596.8 | 1604.45 | 452341 | 278.6903747 | 

Tue Feb 28 03:00:00 2023 | 1633.15 | 1635.15 | 1616 | 1629.25 | 178756 | 109.88606101 | 

Mon Feb 27 15:00:00 2023 | 1640.4 | 1664.5 | 1610 | 1633.15 | 380255 | 232.85169873 | 

Mon Feb 27 03:00:00 2023 | 1641.55 | 1700 | 1465.1 | 1640.4 | 4900576 | 2994.31695527 | 

Sun Feb 26 15:00:00 2023 | 1602.4 | 1700 | 1460 | 1641.55 | 2205646 | 1356.19643998 | 

Sun Feb 26 03:00:00 2023 | 1594.55 | 1606.65 | 1588.55 | 1602.4 | 182235 | 113.9629614 | 

Sat Feb 25 15:00:00 2023 | 1600.45 | 1601.65 | 1430 | 1594.55 | 7040902 | 4431.22095672 | 

Sat Feb 25 03:00:00 2023 | 1607.8 | 1608.55 | 1450 | 1600.45 | 3984919 | 2501.843255 | 

Fri Feb 24 15:00:00 2023 | 1647.65 | 1670 | 1577.3 | 1607.8 | 1426540 | 893.86118468 | 

Fri Feb 24 03:00:00 2023 | 1650 | 1664.25 | 1642.15 | 1647.65 | 150403 | 91.14666854 | 

Thu Feb 23 15:00:00 2023 | 1638.75 | 1720 | 1550.4 | 1650 | 1326665 | 802.5612545 | 

Thu Feb 23 03:00:00 2023 | 1643.55 | 1680.1 | 1633 | 1638.75 | 440599 | 264.3715072 | 

Wed Feb 22 15:00:00 2023 | 1644.85 | 1650.6 | 1600 | 1643.55 | 334189 | 206.34199373 | 

Wed Feb 22 03:00:00 2023 | 1659 | 1690 | 1550 | 1644.85 | 232431 | 141.70035474 | 

Tue Feb 21 15:00:00 2023 | 1670.25 | 1686.75 | 1590 | 1659 | 736211 | 442.674349 | 

Tue Feb 21 03:00:00 2023 | 1704.35 | 1717.4 | 1669.5 | 1670.25 | 316632 | 186.42376709 | 

Mon Feb 20 15:00:00 2023 | 1714.4 | 1794.2 | 1689.95 | 1704.35 | 937922 | 533.31869918 | 

Mon Feb 20 03:00:00 2023 | 1681.85 | 1720.3 | 1653.05 | 1714.4 | 1415717 | 833.63445635 | 

Sun Feb 19 15:00:00 2023 | 1696.55 | 1730 | 1630 | 1681.85 | 3574461 | 2104.87139587 | 

Sun Feb 19 03:00:00 2023 | 1692.15 | 1711.3 | 1690.55 | 1696.55 | 623402 | 367.37032282 | 

Sat Feb 18 15:00:00 2023 | 1692.6 | 1711.1 | 1681.15 | 1692.15 | 210014 | 123.98254255 | 

Sat Feb 18 03:00:00 2023 | 1694.2 | 1704.8 | 1687.5 | 1692.6 | 153515 | 90.50214382 | 

Fri Feb 17 15:00:00 2023 | 1666.75 | 1721.65 | 1648.8 | 1694.2 | 368148 | 218.45238752 | 

Fri Feb 17 03:00:00 2023 | 1639 | 1670 | 1632.55 | 1666.75 | 171092 | 103.08033869 | 

Thu Feb 16 15:00:00 2023 | 1683.75 | 1742.4 | 1620 | 1639 | 967754 | 570.56224621 | 

Thu Feb 16 03:00:00 2023 | 1675.8 | 1712.7 | 1673.4 | 1683.75 | 405709 | 239.93942742 | 

Wed Feb 15 15:00:00 2023 | 1572.05 | 1678.65 | 1540 | 1675.8 | 1237633 | 762.45110424 | 

Wed Feb 15 03:00:00 2023 | 1555.65 | 1575.15 | 1542.85 | 1572.05 | 232067 | 149.1572169 | 

Tue Feb 14 15:00:00 2023 | 1507.9 | 1566.3 | 1495.05 | 1555.65 | 785003 | 514.02258106 | 

Tue Feb 14 03:00:00 2023 | 1507.05 | 1519.6 | 1495.2 | 1507.9 | 222030 | 147.55556195 | 

Mon Feb 13 15:00:00 2023 | 1486.85 | 1510 | 1465.15 | 1507.05 | 250077 | 168.54401236 | 

Mon Feb 13 03:00:00 2023 | 1666.7 | 1676 | 1472.2 | 1486.85 | 3360311 | 2056.05517468 | 

Sun Feb 12 15:00:00 2023 | 1585.6 | 1702.3 | 1519.25 | 1666.7 | 10066539 | 6130.98571489 | 

Sun Feb 12 03:00:00 2023 | 1585.6 | 1585.6 | 1585.6 | 1585.6 | 4 | 0.0025227 | 

Sat Feb 11 15:00:00 2023 | 1585.6 | 1665.65 | 1585.6 | 1585.6 | 16116 | 10.10541929 | 

Sat Feb 11 03:00:00 2023 | 1664.6 | 1667.65 | 1585.6 | 1585.6 | 35880 | 22.41567292 | 

Fri Feb 10 15:00:00 2023 | 1560 | 1666.45 | 1560 | 1664.6 | 36410 | 22.26915084 | 

Fri Feb 10 03:00:00 2023 | 1580 | 1633.1 | 1550.05 | 1560 | 6272 | 4.00324907 | 

Thu Feb  9 15:00:00 2023 | 1650.4 | 1732.8 | 1557.7 | 1580 | 237982 | 144.83431121 | 

Thu Feb  9 03:00:00 2023 | 1670 | 1690 | 1140 | 1650.4 | 1417741 | 922.14278006 | 

Wed Feb  8 15:00:00 2023 | 1690.25 | 1710 | 1660.6 | 1670 | 11094 | 6.63145238 | 

Wed Feb  8 03:00:00 2023 | 1740.9 | 1830.35 | 1686.25 | 1690.25 | 17517 | 9.88820668 | 

Tue Feb  7 15:00:00 2023 | 1700 | 1842.05 | 1645.4 | 1740.9 | 98909 | 59.41998824 | 

Tue Feb  7 03:00:00 2023 | 1631.65 | 1811.3 | 1631.65 | 1700 | 60141 | 34.99180248 | 

Mon Feb  6 15:00:00 2023 | 1798.55 | 1854.2 | 1233.3 | 1631.65 | 1558656 | 1029.94136326 | 

Mon Feb  6 03:00:00 2023 | 1638.75 | 1800.05 | 1638.75 | 1798.55 | 101264 | 57.24967269 | 

Sun Feb  5 15:00:00 2023 | 1678.95 | 2836.55 | 730 | 1638.75 | 17303818 | 13028.9134363 | 

Sun Feb  5 03:00:00 2023 | 1736.55 | 1736.55 | 1673.7 | 1678.95 | 149424 | 87.44608745 | 

Sat Feb  4 15:00:00 2023 | 1736.55 | 1736.55 | 1677.3 | 1736.55 | 148344 | 86.47503248 | 

Sat Feb  4 03:00:00 2023 | 1680.5 | 1736.55 | 1662.55 | 1736.55 | 176000 | 103.30503374 | 

Fri Feb  3 15:00:00 2023 | 1736.55 | 1736.55 | 1647.65 | 1680.5 | 165558 | 97.1498831 | 

Fri Feb  3 03:00:00 2023 | 1736.55 | 1736.55 | 1650 | 1736.55 | 265286 | 156.46452791 | 

Thu Feb  2 15:00:00 2023 | 1710.25 | 1736.55 | 1655.4 | 1736.55 | 1451141 | 849.11349156 | 

Thu Feb  2 03:00:00 2023 | 1658 | 1710.25 | 1656.4 | 1710.25 | 1180704 | 696.86572484 | 

Wed Feb  1 15:00:00 2023 | 1600.5 | 1690 | 1584.35 | 1658 | 387534 | 236.71826724 | 

Wed Feb  1 03:00:00 2023 | 1601 | 1685 | 1593.3 | 1600.5 | 23211 | 14.28609582 | 

Tue Jan 31 15:00:00 2023 | 1685 | 1685 | 1460 | 1601 | 1121566 | 699.81762095 | 

Tue Jan 31 03:00:00 2023 | 1595.2 | 1685 | 1578 | 1685 | 82098 | 51.56687164 | 

Mon Jan 30 15:00:00 2023 | 1598.8 | 1680.5 | 1590 | 1595.2 | 43182 | 26.64562005 | 

Mon Jan 30 03:00:00 2023 | 1690 | 1690 | 705.15 | 1598.8 | 50342102 | 55099.38881916 | 

Sun Jan 29 15:00:00 2023 | 1630 | 1690 | 1630 | 1690 | 218802 | 131.04062865 | 

Sun Jan 29 03:00:00 2023 | 1588.05 | 1633.2 | 1588.05 | 1630 | 328 | 0.20503525 | 

Sat Jan 28 15:00:00 2023 | 1610 | 1633.3 | 1585.5 | 1588.05 | 15324 | 9.64462727 | 

Sat Jan 28 03:00:00 2023 | 1613.35 | 1616.1 | 1610 | 1610 | 104 | 0.06455156 | 

Fri Jan 27 15:00:00 2023 | 1594.35 | 1741.8 | 1530 | 1613.35 | 733982 | 460.69152105 | 

Fri Jan 27 03:00:00 2023 | 1620 | 1743.95 | 1589.6 | 1594.35 | 20441 | 12.69842992 | 

Thu Jan 26 15:00:00 2023 | 1764.15 | 1782.05 | 1530 | 1620 | 115611 | 72.04560379 | 

Thu Jan 26 03:00:00 2023 | 1700 | 1874.75 | 1540 | 1764.15 | 7580030 | 4313.87109761 | 

Wed Jan 25 15:00:00 2023 | 1700.2 | 1717.25 | 1587.6 | 1700 | 592273 | 351.09112003 | 

Wed Jan 25 03:00:00 2023 | 1711.8 | 1714.3 | 1633.95 | 1700.2 | 382741 | 226.25429748 | 

Tue Jan 24 15:00:00 2023 | 1648.85 | 1794.25 | 1638.85 | 1711.8 | 568801 | 320.69698948 | 

Tue Jan 24 03:00:00 2023 | 1648.85 | 1657.45 | 1648.85 | 1648.85 | 30 | 0.01815593 | 

Mon Jan 23 15:00:00 2023 | 1653.25 | 1654.1 | 1648.85 | 1648.85 | 8927 | 5.41406175 | 

Mon Jan 23 03:00:00 2023 | 1648.85 | 1756 | 1648.85 | 1653.25 | 55626 | 32.10012659 | 

Sun Jan 22 15:00:00 2023 | 1727.5 | 1734.2 | 1648.85 | 1648.85 | 140981 | 83.5086658 | 

Sun Jan 22 03:00:00 2023 | 1713.65 | 1732.3 | 1617.35 | 1727.5 | 660722 | 401.77177283 | 

Sat Jan 21 15:00:00 2023 | 1698.05 | 1713.65 | 1285.6 | 1713.65 | 5569515 | 3701.54107883 | 

Sat Jan 21 03:00:00 2023 | 1702.05 | 1761.9 | 1480 | 1698.05 | 3269549 | 1970.39651097 | 

Fri Jan 20 15:00:00 2023 | 1565 | 1891.4 | 1250 | 1702.05 | 13911270 | 8757.83727238 | 

Fri Jan 20 03:00:00 2023 | 1586.95 | 1670.45 | 1480 | 1565 | 678880 | 433.5424256 | 

Thu Jan 19 15:00:00 2023 | 1540 | 1670.45 | 1050 | 1586.95 | 4129196 | 2626.05076899 | 

Thu Jan 19 03:00:00 2023 | 1663.2 | 1664.1 | 1535.1 | 1540 | 6206 | 3.98742433 | 

Wed Jan 18 15:00:00 2023 | 1605 | 1686 | 1480 | 1663.2 | 1533397 | 967.50846361 | 

Wed Jan 18 03:00:00 2023 | 1605 | 1688 | 1605 | 1605 | 318107 | 198.194901 | 

Tue Jan 17 15:00:00 2023 | 1582.35 | 1688.85 | 1582.35 | 1605 | 1098736 | 653.9586696 | 

Tue Jan 17 03:00:00 2023 | 1594.8 | 1683.55 | 1330 | 1582.35 | 296152 | 186.66000095 | 

Mon Jan 16 15:00:00 2023 | 1683.55 | 1683.55 | 1560 | 1594.8 | 249263 | 149.17619488 | 

Mon Jan 16 03:00:00 2023 | 1686.3 | 1688.85 | 1571 | 1683.55 | 404558 | 245.97215927 | 

Sun Jan 15 15:00:00 2023 | 1656.1 | 1686.3 | 1656.1 | 1686.3 | 8870 | 5.30754583 | 

Sun Jan 15 03:00:00 2023 | 1577.35 | 1656.1 | 1561 | 1656.1 | 157592 | 99.52340945 | 

Sat Jan 14 15:00:00 2023 | 1666 | 1836.75 | 1295.1 | 1577.35 | 2288563 | 1457.57380799 | 

Sat Jan 14 03:00:00 2023 | 1525.05 | 1790 | 1463.5 | 1666 | 730314 | 424.1192487 | 

Fri Jan 13 15:00:00 2023 | 1549.8 | 1571.95 | 1380 | 1525.05 | 607344 | 408.23547198 | 

Fri Jan 13 03:00:00 2023 | 1457.25 | 1561.95 | 1353.4 | 1549.8 | 655370 | 439.83754848 | 

Thu Jan 12 15:00:00 2023 | 1414 | 1631.4 | 1397.8 | 1457.25 | 1787934 | 1217.51059833 | 

Thu Jan 12 03:00:00 2023 | 1403.7 | 1429 | 1399.65 | 1414 | 239714 | 168.43250966 | 

Wed Jan 11 15:00:00 2023 | 1347.8 | 1429 | 1345.4 | 1403.7 | 233790 | 167.56624532 | 

Wed Jan 11 03:00:00 2023 | 1353 | 1429 | 1288.05 | 1347.8 | 241419 | 179.43629678 | 

Tue Jan 10 15:00:00 2023 | 1429 | 1429 | 1260 | 1353 | 1519457 | 1139.59481937 | 

Tue Jan 10 03:00:00 2023 | 1332.1 | 1429 | 1332.1 | 1429 | 16627 | 12.33743321 | 

Mon Jan  9 15:00:00 2023 | 1429 | 1429 | 1325 | 1332.1 | 113393 | 85.00236055 | 

Mon Jan  9 03:00:00 2023 | 1419.15 | 1429.3 | 1414.15 | 1429 | 9056 | 6.36021946 | 

Sun Jan  8 15:00:00 2023 | 1274.6 | 1727.6 | 1203.6 | 1419.15 | 13544067 | 9070.71681488 | 

Sun Jan  8 03:00:00 2023 | 1274.3 | 1276.45 | 1272.3 | 1274.6 | 653 | 0.51214365 | 

Sat Jan  7 15:00:00 2023 | 1275.35 | 1276.75 | 1273.9 | 1274.3 | 577 | 0.45244533 | 

Sat Jan  7 03:00:00 2023 | 1279.55 | 1300 | 1274.8 | 1275.35 | 126775 | 99.41349465 | 

Fri Jan  6 15:00:00 2023 | 1254.5 | 1288 | 1160 | 1279.55 | 8283615 | 6591.60598562 | 

Fri Jan  6 03:00:00 2023 | 1261.85 | 1282.6 | 1185.3 | 1254.5 | 13520560 | 10852.62224822 | 

Thu Jan  5 15:00:00 2023 | 1264.5 | 1375.8 | 1140 | 1261.85 | 644882 | 510.56551742 | 

Thu Jan  5 03:00:00 2023 | 1264.5 | 1275.4 | 1264.5 | 1264.5 | 196873 | 155.55135031 | 

Wed Jan  4 15:00:00 2023 | 1264.7 | 1380.35 | 1250 | 1264.5 | 926058 | 719.59947264 | 

Wed Jan  4 03:00:00 2023 | 1229 | 1483.05 | 1229 | 1264.7 | 4859913 | 3564.0121381 | 

Tue Jan  3 15:00:00 2023 | 1229.5 | 1229.5 | 1229 | 1229 | 303579 | 246.98681637 | 

Tue Jan  3 03:00:00 2023 | 1238 | 1318.35 | 1224.65 | 1229.5 | 1074471 | 866.36920472 | 

Mon Jan  2 15:00:00 2023 | 1230 | 1341.3 | 1159.5 | 1238 | 3351329 | 2611.06373559 | 

Mon Jan  2 03:00:00 2023 | 1210 | 1337.55 | 1156 | 1230 | 1864618 | 1525.16620058 | 

Sun Jan  1 15:00:00 2023 | 1210 | 1210 | 1206 | 1210 | 427782 | 353.67868533 | 

Sun Jan  1 03:00:00 2023 | 1207.05 | 1210 | 1204.4 | 1210 | 337010 | 278.6442319 | 

Sat Dec 31 15:00:00 2022 | 1210 | 1210 | 1206.8 | 1207.05 | 221073 | 182.71765895 | 

Sat Dec 31 03:00:00 2022 | 1319.25 | 1351.15 | 1120 | 1210 | 1243763 | 1027.91646895 | 

Fri Dec 30 15:00:00 2022 | 1201.45 | 1398.65 | 1188.3 | 1319.25 | 2027885 | 1566.96888085 | 

Fri Dec 30 03:00:00 2022 | 1203.7 | 1238.9 | 1195.05 | 1201.45 | 57499 | 47.64816821 | 

Thu Dec 29 15:00:00 2022 | 1201.9 | 1207.15 | 1170.7 | 1203.7 | 932034 | 790.57197069 | 

Thu Dec 29 03:00:00 2022 | 1192.75 | 1204.35 | 1190 | 1201.9 | 27082 | 22.59007256 | 

Wed Dec 28 15:00:00 2022 | 1200.1 | 1246.9 | 1186.8 | 1192.75 | 554205 | 461.31797315 | 

Wed Dec 28 03:00:00 2022 | 1214.7 | 1246.9 | 1200 | 1200.1 | 163641 | 135.0494376 | 

Tue Dec 27 15:00:00 2022 | 1222.4 | 1222.55 | 1210 | 1214.7 | 33476 | 27.49147891 | 

Tue Dec 27 03:00:00 2022 | 1230.95 | 1339.9 | 1200 | 1222.4 | 1356420 | 1113.59177383 | 

Mon Dec 26 15:00:00 2022 | 1223 | 1231.4 | 1216.5 | 1230.95 | 126333 | 103.57182516 | 

Mon Dec 26 03:00:00 2022 | 1221.55 | 1226.7 | 1170.7 | 1223 | 144334 | 119.97505977 | 

Sun Dec 25 15:00:00 2022 | 1220.95 | 1233.8 | 1170.7 | 1221.55 | 191878 | 158.17683276 | 

Sun Dec 25 03:00:00 2022 | 1224 | 1227.3 | 1202.75 | 1220.95 | 687828 | 562.85255056 | 

Sat Dec 24 15:00:00 2022 | 1220.35 | 1229.75 | 1110 | 1224 | 983067 | 804.97432241 | 

Sat Dec 24 03:00:00 2022 | 1222.2 | 1222.2 | 1110 | 1220.35 | 270375 | 222.59442452 | 

Fri Dec 23 15:00:00 2022 | 1226.25 | 1354.2 | 493 | 1222.2 | 9571353 | 8682.19616064 | 

Fri Dec 23 03:00:00 2022 | 1221 | 1263.45 | 1148.1 | 1226.25 | 302749 | 246.99438946 | 

Thu Dec 22 15:00:00 2022 | 1220.65 | 1257.1 | 1129.55 | 1221 | 1942379 | 1607.10061434 | 

Thu Dec 22 03:00:00 2022 | 1216.6 | 1224.4 | 1212.9 | 1220.65 | 34358 | 28.21587791 | 

Wed Dec 21 15:00:00 2022 | 1220.35 | 1223.75 | 1210.05 | 1216.6 | 83355 | 68.64127058 | 

Wed Dec 21 03:00:00 2022 | 1220.45 | 1257.1 | 902.5 | 1220.35 | 1606112 | 1321.99275194 | 

Tue Dec 20 15:00:00 2022 | 1215.75 | 1230 | 1000 | 1220.45 | 2119921 | 1742.36370499 | 

Tue Dec 20 03:00:00 2022 | 1170.7 | 1393.5 | 1100 | 1215.75 | 2348182 | 1943.14457819 | 

Mon Dec 19 15:00:00 2022 | 1186.3 | 1219.6 | 1000 | 1170.7 | 5636186 | 4747.26558674 | 

Mon Dec 19 03:00:00 2022 | 20990.7 | 20990.7 | 54.9 | 1186.3 | 53235965 | 99007.6311513 | 

Sun Dec 18 15:00:00 2022 | 1185.25 | 99999 | 783 | 20990.7 | 94846939 | 62033.60978626 | 

Sun Dec 18 03:00:00 2022 | 1190.35 | 1199.8 | 1180.2 | 1185.25 | 25572 | 21.53028263 | 

Sat Dec 17 15:00:00 2022 | 1183.2 | 1310 | 1178.55 | 1190.35 | 7663292 | 6480.27348301 | 

Sat Dec 17 03:00:00 2022 | 1169.8 | 1190.9 | 1165.1 | 1183.2 | 15001 | 12.71799216 | 

Fri Dec 16 15:00:00 2022 | 1216.3 | 1258.35 | 1150 | 1169.8 | 214954 | 178.68677562 | 

Fri Dec 16 03:00:00 2022 | 1269.45 | 1283.05 | 1064.3 | 1216.3 | 12843225 | 11084.88261501 | 

Thu Dec 15 15:00:00 2022 | 1223 | 1294.8 | 1223 | 1269.45 | 109168 | 85.19971964 | 

Thu Dec 15 03:00:00 2022 | 1312.95 | 1393.9 | 1223 | 1223 | 4846978 | 3728.11686415 | 

Wed Dec 14 15:00:00 2022 | 1330.7 | 1351 | 1227 | 1312.95 | 2144544 | 1596.68287893 | 

Wed Dec 14 03:00:00 2022 | 1325.25 | 1332 | 1320.65 | 1330.7 | 37756 | 28.465543 | 

Tue Dec 13 15:00:00 2022 | 1291.05 | 1344.85 | 1260 | 1325.25 | 5198948 | 3937.7305019 | 

Tue Dec 13 03:00:00 2022 | 1279.05 | 1293.65 | 1260 | 1291.05 | 359025 | 278.57471961 | 

Mon Dec 12 15:00:00 2022 | 1257.55 | 1282.1 | 1247 | 1279.05 | 83518 | 66.44189749 | 

Mon Dec 12 03:00:00 2022 | 1266.25 | 1315.6 | 1227 | 1257.55 | 566060 | 452.24613145 | 

Sun Dec 11 15:00:00 2022 | 1276.95 | 1342.2 | 1260 | 1266.25 | 210013 | 164.64298519 | 

Sun Dec 11 03:00:00 2022 | 1269.85 | 1281.35 | 1268.75 | 1276.95 | 88424 | 69.29805173 | 

Sat Dec 10 15:00:00 2022 | 1269.7 | 1342.2 | 1260 | 1269.85 | 3121134 | 2448.66962593 | 

Sat Dec 10 03:00:00 2022 | 1266.1 | 1271.5 | 1265.05 | 1269.7 | 107232 | 84.57837475 | 

Fri Dec  9 15:00:00 2022 | 1291.9 | 1306.15 | 1227 | 1266.1 | 243536 | 192.00727052 | 

Fri Dec  9 03:00:00 2022 | 1283.65 | 1294.15 | 1277.95 | 1291.9 | 39104 | 30.38059066 | 

Thu Dec  8 15:00:00 2022 | 1241.5 | 1295.45 | 1239.7 | 1283.65 | 657381 | 517.14463976 | 

Thu Dec  8 03:00:00 2022 | 1234.35 | 1243.5 | 1226.25 | 1241.5 | 66473 | 53.80682702 | 

Wed Dec  7 15:00:00 2022 | 1228.55 | 1291.1 | 1225.25 | 1234.35 | 4792985 | 3895.07982716 | 

Wed Dec  7 03:00:00 2022 | 1274.8 | 1278.5 | 1224 | 1228.55 | 906519 | 728.62687492 | 

Tue Dec  6 15:00:00 2022 | 1259.5 | 1316.4 | 1250.35 | 1274.8 | 545772 | 433.82275048 | 

Tue Dec  6 03:00:00 2022 | 1262.55 | 1273.05 | 1257 | 1259.5 | 129078 | 101.95387403 | 

Mon Dec  5 15:00:00 2022 | 1298.9 | 1345 | 1257 | 1262.55 | 14468860 | 11101.35004078 | 

Mon Dec  5 03:00:00 2022 | 1282.95 | 1308.5 | 1280.35 | 1298.9 | 65900 | 50.78586218 | 

Sun Dec  4 15:00:00 2022 | 1264.3 | 1287.45 | 1254.05 | 1282.95 | 63747 | 49.99536825 | 

Sun Dec  4 03:00:00 2022 | 1244.2 | 1290.55 | 1244.15 | 1264.3 | 212776 | 168.61318638 | 

Sat Dec  3 15:00:00 2022 | 1276.8 | 1290.55 | 1239.55 | 1244.2 | 23011799 | 18057.70644331 | 

Sat Dec  3 03:00:00 2022 | 1299.25 | 1309.35 | 1273.25 | 1276.8 | 1514061 | 1184.66747505 | 

Fri Dec  2 15:00:00 2022 | 1292.3 | 1300.25 | 1272.55 | 1299.25 | 1418645 | 1103.64341938 | 

Fri Dec  2 03:00:00 2022 | 1279.65 | 1345.3 | 1269.55 | 1292.3 | 2511422 | 1959.16154045 | 

Thu Dec  1 15:00:00 2022 | 1286.4 | 1298.45 | 1220 | 1279.65 | 6449650 | 5045.35857056 | 

Thu Dec  1 03:00:00 2022 | 1298.3 | 1299.45 | 1281.1 | 1286.4 | 2044465 | 1587.18281453 | 

Wed Nov 30 15:00:00 2022 | 1269.9 | 1350 | 1211.25 | 1298.3 | 1743685 | 1361.74975286 | 

Wed Nov 30 03:00:00 2022 | 1219.25 | 1285.35 | 1215.55 | 1269.9 | 592624 | 468.38263988 | 

Tue Nov 29 15:00:00 2022 | 1219.65 | 1229.35 | 1205.3 | 1219.25 | 254014 | 208.89795628 | 

Tue Nov 29 03:00:00 2022 | 1170.95 | 1224.5 | 1163.85 | 1219.65 | 721080 | 596.56095944 | 

Mon Nov 28 15:00:00 2022 | 1172.65 | 1195 | 1150 | 1170.95 | 4184887 | 3565.74210036 | 

Mon Nov 28 03:00:00 2022 | 1196.35 | 1201.4 | 1150 | 1172.65 | 1201399 | 1022.79587778 | 

Sun Nov 27 15:00:00 2022 | 1217.9 | 1290.55 | 1196.3 | 1196.35 | 3120886 | 2560.58290823 | 

Sun Nov 27 03:00:00 2022 | 1207.75 | 1223.35 | 1206.45 | 1217.9 | 879833 | 724.34803092 | 

Sat Nov 26 15:00:00 2022 | 1224.85 | 1233.3 | 1202.2 | 1207.75 | 1277314 | 1051.39359487 | 

Sat Nov 26 03:00:00 2022 | 1200.5 | 1227.8 | 1175 | 1224.85 | 1607583 | 1318.2084096 | 

Fri Nov 25 15:00:00 2022 | 1195.5 | 1212.15 | 1160 | 1200.5 | 1371913 | 1144.91124512 | 

Fri Nov 25 03:00:00 2022 | 1206.05 | 1206.85 | 1170 | 1195.5 | 1663032 | 1397.34692039 | 

Thu Nov 24 15:00:00 2022 | 1198 | 1231.95 | 1189.75 | 1206.05 | 1462865 | 1215.02364654 | 

Thu Nov 24 03:00:00 2022 | 1186.55 | 1245.9 | 1182.75 | 1198 | 733042 | 608.306682 | 

Wed Nov 23 15:00:00 2022 | 1176.8 | 1245 | 1120 | 1186.55 | 1348268 | 1144.80753313 | 

Wed Nov 23 03:00:00 2022 | 1140.9 | 1192.25 | 1129.4 | 1176.8 | 642541 | 550.67955408 | 

Tue Nov 22 15:00:00 2022 | 1086.7 | 1144.05 | 1074.2 | 1140.9 | 6202378 | 5560.53958914 | 

Tue Nov 22 03:00:00 2022 | 1108.9 | 1117.8 | 1051 | 1086.7 | 7959969 | 7313.6987612 | 

Mon Nov 21 15:00:00 2022 | 1126 | 1145 | 1081.65 | 1108.9 | 5905512 | 5344.91401023 | 

Mon Nov 21 03:00:00 2022 | 1143.8 | 1145.1 | 1079 | 1126 | 3452486 | 3046.24623786 | 

Sun Nov 20 15:00:00 2022 | 1168.9 | 1189.2 | 1137.2 | 1143.8 | 387589 | 334.36904412 | 

Sun Nov 20 03:00:00 2022 | 1219.65 | 1338.6 | 1163 | 1168.9 | 690476 | 567.55483193 | 

Sat Nov 19 15:00:00 2022 | 1200 | 1233.05 | 1199.95 | 1219.65 | 5796489 | 4826.61504591 | 

Sat Nov 19 03:00:00 2022 | 1214.4 | 1215.15 | 984.95 | 1200 | 7073752 | 5909.83793551 | 

Fri Nov 18 15:00:00 2022 | 1219.25 | 1228.85 | 1202.8 | 1214.4 | 136748 | 112.54416057 | 

Fri Nov 18 03:00:00 2022 | 1202.45 | 1235.4 | 1201.25 | 1219.25 | 90420 | 74.1941714 | 

Thu Nov 17 15:00:00 2022 | 1203.95 | 1219.85 | 1100 | 1202.45 | 835926 | 694.35839706 | 

Thu Nov 17 03:00:00 2022 | 1218.85 | 1230.1 | 1184 | 1203.95 | 107951 | 89.56406791 | 

Wed Nov 16 15:00:00 2022 | 1224.3 | 1233.85 | 1188.7 | 1218.85 | 364803 | 301.17852722 | 

Wed Nov 16 03:00:00 2022 | 1255 | 1268.25 | 1221.15 | 1224.3 | 156748 | 126.25600219 | 

Tue Nov 15 15:00:00 2022 | 1262.5 | 1300 | 1216 | 1255 | 1163273 | 917.75090273 | 

Tue Nov 15 03:00:00 2022 | 1244.05 | 1280.65 | 1238.3 | 1262.5 | 136528 | 107.97033227 | 

Mon Nov 14 15:00:00 2022 | 1258.85 | 1305 | 1210.9 | 1244.05 | 16407827 | 13130.88293299 | 

Mon Nov 14 03:00:00 2022 | 1222.5 | 1276.5 | 1172.85 | 1258.85 | 6139103 | 4877.44748951 | 

Sun Nov 13 15:00:00 2022 | 1241.45 | 1248.2 | 1150 | 1222.5 | 1456197 | 1185.84801828 | 

Sun Nov 13 03:00:00 2022 | 1257.75 | 1275 | 1223.1 | 1241.45 | 434115 | 347.51064905 | 

Sat Nov 12 15:00:00 2022 | 1260.6 | 1290.55 | 1253.6 | 1257.75 | 1496951 | 1178.21432032 | 

Sat Nov 12 03:00:00 2022 | 1287.7 | 1292.35 | 1246.15 | 1260.6 | 134525 | 106.3580438 | 

Fri Nov 11 15:00:00 2022 | 1275.1 | 1307.5 | 1203.45 | 1287.7 | 799159 | 631.02208726 | 

Fri Nov 11 03:00:00 2022 | 1299.55 | 1306.8 | 1200 | 1275.1 | 1559032 | 1232.84953291 | 

Thu Nov 10 15:00:00 2022 | 1177.1 | 1350.8 | 1176.4 | 1299.55 | 4593156 | 3580.77486683 | 

Thu Nov 10 03:00:00 2022 | 1101.6 | 1400 | 1086.65 | 1177.1 | 3515116 | 2977.33090247 | 

Wed Nov  9 15:00:00 2022 | 1221.3 | 1246.35 | 1066 | 1101.6 | 2720071 | 2374.89549015 | 

Wed Nov  9 03:00:00 2022 | 1337.45 | 1340.65 | 1139.35 | 1221.3 | 15122336 | 12690.2445209 | 

Tue Nov  8 15:00:00 2022 | 1480.75 | 1583 | 1218.9 | 1337.45 | 25031042 | 18499.97253765 | 

Tue Nov  8 03:00:00 2022 | 1572.05 | 1581.05 | 1438.95 | 1480.75 | 501942 | 335.40583905 | 

Mon Nov  7 15:00:00 2022 | 1584.25 | 1612.8 | 1550.4 | 1572.05 | 469393 | 296.11985227 | 

Mon Nov  7 03:00:00 2022 | 1572.5 | 1625 | 1411.35 | 1584.25 | 3398274 | 2153.81589528 | 

Sun Nov  6 15:00:00 2022 | 1624 | 1637.25 | 1569.75 | 1572.5 | 873133 | 539.38187385 | 

Sun Nov  6 03:00:00 2022 | 1631.15 | 1642.25 | 1605.1 | 1624 | 1462423 | 902.91257 | 

Sat Nov  5 15:00:00 2022 | 1654.55 | 1700 | 1627.45 | 1631.15 | 136874 | 83.04631489 | 

Sat Nov  5 03:00:00 2022 | 1649.35 | 1671.45 | 1640 | 1654.55 | 17450 | 10.56179193 | 

Fri Nov  4 15:00:00 2022 | 1580.95 | 1681.65 | 1547.55 | 1649.35 | 670848 | 409.62044887 | 

Fri Nov  4 03:00:00 2022 | 1535.15 | 1600.1 | 1532.5 | 1580.95 | 114770 | 72.50656039 | 

Thu Nov  3 15:00:00 2022 | 1535.65 | 1560.25 | 1489 | 1535.15 | 493842 | 319.04153035 | 

Thu Nov  3 03:00:00 2022 | 1522.25 | 1566.1 | 1519.1 | 1535.65 | 1005325 | 649.4437357 | 

Wed Nov  2 15:00:00 2022 | 1560.1 | 1623.5 | 1511.85 | 1522.25 | 384715 | 250.83269949 | 

Wed Nov  2 03:00:00 2022 | 1582.65 | 1604.1 | 1541.2 | 1560.1 | 123295 | 79.0649434 | 

Tue Nov  1 15:00:00 2022 | 1594.2 | 1602.1 | 1567.7 | 1582.65 | 62064 | 39.14211059 | 

Tue Nov  1 03:00:00 2022 | 1576.75 | 1617 | 1572.75 | 1594.2 | 88126 | 55.08787112 | 

Mon Oct 31 15:00:00 2022 | 1625.7 | 1629.35 | 1536.25 | 1576.75 | 1799710 | 1154.71903746 | 

Mon Oct 31 03:00:00 2022 | 1594.75 | 1638.95 | 1568.1 | 1625.7 | 2164972 | 1359.02199016 | 

Sun Oct 30 15:00:00 2022 | 1609.6 | 1612.1 | 1581.9 | 1594.75 | 167376 | 105.08453532 | 

Sun Oct 30 03:00:00 2022 | 1624.5 | 1644.4 | 1598.3 | 1609.6 | 66319 | 40.9282939 | 

Sat Oct 29 15:00:00 2022 | 1619.75 | 1712.45 | 1608.4 | 1624.5 | 2109076 | 1295.09627848 | 

Sat Oct 29 03:00:00 2022 | 1558.85 | 1657 | 1552.8 | 1619.75 | 454000 | 283.02359439 | 

Fri Oct 28 15:00:00 2022 | 1502.3 | 1588.5 | 1494.9 | 1558.85 | 578425 | 370.1947914 | 

Fri Oct 28 03:00:00 2022 | 1518.1 | 2026.4 | 800 | 1502.3 | 25707528 | 19279.69820953 | 

Thu Oct 27 15:00:00 2022 | 1554.95 | 1586 | 1513.6 | 1518.1 | 788799 | 507.51027875 | 

Thu Oct 27 03:00:00 2022 | 1570.5 | 1582.1 | 1540.05 | 1554.95 | 86713 | 55.59661318 | 

Wed Oct 26 15:00:00 2022 | 1533.15 | 1599.85 | 1515.8 | 1570.5 | 3089441 | 1963.53351312 | 

Wed Oct 26 03:00:00 2022 | 1463.75 | 1560.8 | 1461.65 | 1533.15 | 11159928 | 7333.80329738 | 

Tue Oct 25 15:00:00 2022 | 1351.25 | 1530.5 | 1349.95 | 1463.75 | 9162921 | 6466.09291883 | 

Tue Oct 25 03:00:00 2022 | 1348.05 | 1355.25 | 1343.7 | 1351.25 | 38249 | 28.33498861 | 

Mon Oct 24 15:00:00 2022 | 1357.45 | 1361.95 | 1327.35 | 1348.05 | 136893 | 101.97755849 | 

Mon Oct 24 03:00:00 2022 | 1367.95 | 1373.3 | 1275.3 | 1357.45 | 1200503 | 895.9697298 | 

Sun Oct 23 15:00:00 2022 | 1307.9 | 1399 | 1246.1 | 1367.95 | 3451951 | 2560.23059013 | 

Sun Oct 23 03:00:00 2022 | 1318.1 | 1384 | 1294.35 | 1307.9 | 5133443 | 3885.13756706 | 

Sat Oct 22 15:00:00 2022 | 1308.85 | 1322 | 1308.4 | 1318.1 | 44004 | 33.38972184 | 

Sat Oct 22 03:00:00 2022 | 1303.15 | 1367.35 | 1290.75 | 1308.85 | 1528642 | 1171.54712532 | 

Fri Oct 21 15:00:00 2022 | 1287.35 | 1309.45 | 1265.2 | 1303.15 | 13425440 | 10438.02778073 | 

Fri Oct 21 03:00:00 2022 | 1286.55 | 1355.3 | 1286.5 | 1287.35 | 1829680 | 1418.14212187 | 

Thu Oct 20 15:00:00 2022 | 1303.3 | 1313.75 | 1286.5 | 1286.55 | 4140092 | 3192.39803882 | 

Thu Oct 20 03:00:00 2022 | 1288.3 | 1332 | 1276.6 | 1303.3 | 395690 | 305.0659636 | 

Wed Oct 19 15:00:00 2022 | 1303.55 | 1346.35 | 1274 | 1288.3 | 783779 | 608.26211029 | 

Wed Oct 19 03:00:00 2022 | 1313.8 | 1375 | 1296.25 | 1303.55 | 3142635 | 2399.25398865 | 

Tue Oct 18 15:00:00 2022 | 1329.35 | 1375 | 1290.3 | 1313.8 | 1829003 | 1361.26275511 | 

Tue Oct 18 03:00:00 2022 | 1334.6 | 1343 | 1321.7 | 1329.35 | 275713 | 207.43059412 | 

Mon Oct 17 15:00:00 2022 | 1320.95 | 1350 | 1317.1 | 1334.6 | 1785876 | 1342.50672893 | 

Mon Oct 17 03:00:00 2022 | 1309.2 | 1325 | 1240.55 | 1320.95 | 2047249 | 1563.07976103 | 

Sun Oct 16 15:00:00 2022 | 1287.3 | 1401 | 1238.05 | 1309.2 | 17891314 | 13818.91452134 | 

Sun Oct 16 03:00:00 2022 | 1278.15 | 1292.6 | 1278 | 1287.3 | 301280 | 234.48183155 | 

Sat Oct 15 15:00:00 2022 | 1289.25 | 1316.5 | 1205.8 | 1278.15 | 8018090 | 6235.56566331 | 

Sat Oct 15 03:00:00 2022 | 1300.9 | 1344.9 | 1222.75 | 1289.25 | 1370881 | 1058.27083347 | 

Fri Oct 14 15:00:00 2022 | 1337.55 | 1345.2 | 1300.85 | 1300.9 | 440303 | 333.78089111 | 

Fri Oct 14 03:00:00 2022 | 1290.85 | 1400.85 | 1258.15 | 1337.55 | 5950457 | 4467.31697071 | 

Thu Oct 13 15:00:00 2022 | 1245.95 | 1302.1 | 1197.65 | 1290.85 | 1174827 | 943.26436333 | 

Thu Oct 13 03:00:00 2022 | 1296.55 | 1359.65 | 1185.9 | 1245.95 | 65750306 | 51067.95675402 | 

Wed Oct 12 15:00:00 2022 | 1298.8 | 1342.85 | 1287.4 | 1296.55 | 16154133 | 12348.13017327 | 

Wed Oct 12 03:00:00 2022 | 1280.1 | 1320.35 | 1270.2 | 1298.8 | 55192375 | 42061.4231097 | 

Tue Oct 11 15:00:00 2022 | 1287.35 | 1300.5 | 1264.85 | 1280.1 | 4455291 | 3472.13370337 | 

Tue Oct 11 03:00:00 2022 | 1295.35 | 1299.85 | 1270.95 | 1287.35 | 5433677 | 4239.23388451 | 

Mon Oct 10 15:00:00 2022 | 1316.05 | 1321.35 | 1270.1 | 1295.35 | 6559388 | 5067.81301511 | 

Mon Oct 10 03:00:00 2022 | 1323.4 | 1340.5 | 1298.65 | 1316.05 | 4233608 | 3207.5184256 | 

Sun Oct  9 15:00:00 2022 | 1324.55 | 1342.6 | 1299.85 | 1323.4 | 19453196 | 14824.84343069 | 

Sun Oct  9 03:00:00 2022 | 1316.4 | 1347.8 | 1308.9 | 1324.55 | 4720754 | 3585.13910196 | 

Sat Oct  8 15:00:00 2022 | 1333.35 | 1363.9 | 1304.65 | 1316.4 | 5957901 | 4493.05770769 | 

Sat Oct  8 03:00:00 2022 | 1333.35 | 1369.8 | 1333.35 | 1333.35 | 2704787 | 2027.34467034 | 

Fri Oct  7 15:00:00 2022 | 1356.1 | 1359.95 | 1307.05 | 1333.35 | 11835758 | 8873.54395236 | 

Fri Oct  7 03:00:00 2022 | 1353.6 | 1375.25 | 1347.2 | 1356.1 | 3969385 | 2920.84379378 | 

Thu Oct  6 15:00:00 2022 | 1370.05 | 1380.45 | 1348.1 | 1353.6 | 2253449 | 1654.64945382 | 

Thu Oct  6 03:00:00 2022 | 1353.75 | 1402.85 | 1349.2 | 1370.05 | 2320290 | 1694.24404576 | 

Wed Oct  5 15:00:00 2022 | 1336.55 | 1380.75 | 1311.05 | 1353.75 | 5638524 | 4223.57916718 | 

Wed Oct  5 03:00:00 2022 | 1363.15 | 1365.15 | 1333 | 1336.55 | 2413347 | 1783.88219986 | 

Tue Oct  4 15:00:00 2022 | 1351.25 | 1388.1 | 1345 | 1363.15 | 3668683 | 2709.53806306 | 

Tue Oct  4 03:00:00 2022 | 1324.55 | 1377.25 | 1319.9 | 1351.25 | 5194594 | 3843.61768959 | 

Mon Oct  3 15:00:00 2022 | 1300.4 | 1344 | 1294.8 | 1324.55 | 6673576 | 5034.6837435 | 

Mon Oct  3 03:00:00 2022 | 1277.6 | 1318.5 | 1264.3 | 1300.4 | 8293459 | 6449.14559264 | 

Sun Oct  2 15:00:00 2022 | 1298.75 | 1315.95 | 1270.35 | 1277.6 | 2146634 | 1655.68368544 | 

Sun Oct  2 03:00:00 2022 | 1318.5 | 1318.5 | 1287.2 | 1298.75 | 1735429 | 1325.6204295 | 

Sat Oct  1 15:00:00 2022 | 1327.1 | 1332.3 | 1298.55 | 1318.5 | 4389758 | 3339.19425862 | 

Sat Oct  1 03:00:00 2022 | 1329.85 | 1337.2 | 1315.35 | 1327.1 | 5864796 | 4423.30202833 | 

Fri Sep 30 15:00:00 2022 | 1332.9 | 1373.55 | 1319.9 | 1329.85 | 3883655 | 2905.58475464 | 

Fri Sep 30 03:00:00 2022 | 1336.65 | 1354.7 | 1323 | 1332.9 | 4497942 | 3353.63511754 | 

Thu Sep 29 15:00:00 2022 | 1337.9 | 1354 | 1289.85 | 1336.65 | 2655345 | 2000.66071722 | 

Thu Sep 29 03:00:00 2022 | 1338.55 | 1353.2 | 1315.95 | 1337.9 | 2675832 | 2003.55621146 | 

Wed Sep 28 15:00:00 2022 | 1278.25 | 1357.5 | 1278.2 | 1338.55 | 14476093 | 11000.46522973 | 

Wed Sep 28 03:00:00 2022 | 1329 | 1345.4 | 1259.5 | 1278.25 | 13234339 | 10363.45486107 | 

Tue Sep 27 15:00:00 2022 | 1389.8 | 1405.3 | 1289.95 | 1329 | 12325617 | 9331.55297983 | 

Tue Sep 27 03:00:00 2022 | 1337.45 | 1400 | 1333.4 | 1389.8 | 15810851 | 11459.62740822 | 

Mon Sep 26 15:00:00 2022 | 1298.25 | 1339.55 | 1294.7 | 1337.45 | 2241818 | 1692.98781284 | 

Mon Sep 26 03:00:00 2022 | 1295.9 | 1322.95 | 1285 | 1298.25 | 3046656 | 2337.82488555 | 

Sun Sep 25 15:00:00 2022 | 1330.8 | 1334.55 | 1273.15 | 1295.9 | 7684155 | 5891.38561496 | 

Sun Sep 25 03:00:00 2022 | 1318.05 | 1337.75 | 1315.6 | 1330.8 | 3486376 | 2627.23337222 | 

Sat Sep 24 15:00:00 2022 | 1328.25 | 1359 | 1309.85 | 1318.05 | 27095607 | 20393.94749731 | 

Sat Sep 24 03:00:00 2022 | 1328.55 | 1337.6 | 1312.4 | 1328.25 | 3717336 | 2804.20796566 | 

Fri Sep 23 15:00:00 2022 | 1288.7 | 1337.6 | 1262 | 1328.55 | 11241322 | 8729.81885719 | 

Fri Sep 23 03:00:00 2022 | 1327.7 | 1365 | 1282.95 | 1288.7 | 5903070 | 4476.48461733 | 

Thu Sep 22 15:00:00 2022 | 1302 | 1347 | 1246 | 1327.7 | 8575490 | 6555.2270149 | 

Thu Sep 22 03:00:00 2022 | 1246.6 | 1302 | 1234.2 | 1302 | 25165238 | 19920.74558778 | 

Wed Sep 21 15:00:00 2022 | 1352.1 | 1446.9 | 1220.65 | 1246.6 | 5429298 | 4059.83248849 | 

Wed Sep 21 03:00:00 2022 | 1324.05 | 1353.45 | 1318.45 | 1352.1 | 5076280 | 3801.85871318 | 

Tue Sep 20 15:00:00 2022 | 1356.85 | 1383.55 | 1316.25 | 1324.05 | 4606455 | 3421.34402474 | 

Tue Sep 20 03:00:00 2022 | 1376.65 | 1385.3 | 1344.3 | 1356.85 | 5833051 | 4288.35689038 | 

Mon Sep 19 15:00:00 2022 | 1307.8 | 1426.4 | 1306.45 | 1376.65 | 8734790 | 6416.09480208 | 

Mon Sep 19 03:00:00 2022 | 1334.7 | 1353 | 1287.6 | 1307.8 | 6825426 | 5232.3218958 | 

Sun Sep 18 15:00:00 2022 | 1433.85 | 1442.95 | 1327.5 | 1334.7 | 4280566 | 3074.84029 | 

Sun Sep 18 03:00:00 2022 | 1470.75 | 1507.85 | 1421.7 | 1433.85 | 1062295221 | 731025.49818548 | 

Sat Sep 17 15:00:00 2022 | 1418.8 | 1473.35 | 1407.65 | 1470.75 | 3879943 | 2677.36107401 | 

Sat Sep 17 03:00:00 2022 | 1433.05 | 1464.55 | 1401.4 | 1418.8 | 84744484 | 58928.11088135 | 

Fri Sep 16 15:00:00 2022 | 1471.5 | 1481.4 | 1418.75 | 1433.05 | 35527990 | 24670.06389003 | 

Fri Sep 16 03:00:00 2022 | 1469.5 | 1483.4 | 1445.6 | 1471.5 | 8506150 | 5802.88225115 | 

Thu Sep 15 15:00:00 2022 | 1592.9 | 1601.7 | 1454.65 | 1469.5 | 13355366 | 8990.14644858 | 

Thu Sep 15 03:00:00 2022 | 1634 | 1669 | 1549.75 | 1592.9 | 45826661 | 28936.84958215 | 

Wed Sep 14 15:00:00 2022 | 1590.4 | 1648 | 1545 | 1634 | 49012438 | 30757.62914641 | 

Wed Sep 14 03:00:00 2022 | 1568.95 | 1626.75 | 1551.3 | 1590.4 | 316141684 | 197941.30298435 | 

Tue Sep 13 15:00:00 2022 | 1736.15 | 1747.4 | 1538.9 | 1568.95 | 19944536 | 12247.00088211 | 

Tue Sep 13 03:00:00 2022 | 1714.9 | 1744.4 | 1659.45 | 1736.15 | 20771549 | 12167.68594677 | 

Mon Sep 12 15:00:00 2022 | 1746.85 | 1752.8 | 1686.35 | 1714.9 | 7706248 | 4478.92897195 | 

Mon Sep 12 03:00:00 2022 | 1764.75 | 1781.8 | 1711.05 | 1746.85 | 9202671 | 5287.18122191 | 

Sun Sep 11 15:00:00 2022 | 1768.75 | 1787 | 1699.25 | 1764.75 | 10026252 | 5720.84584331 | 

Sun Sep 11 03:00:00 2022 | 1750.75 | 1783 | 1750 | 1768.75 | 8208640 | 4650.31328736 | 

Sat Sep 10 15:00:00 2022 | 1723.35 | 1750.75 | 1707.3 | 1750.75 | 9554047 | 5523.17272746 | 

Sat Sep 10 03:00:00 2022 | 1718.4 | 1753.4 | 1691.45 | 1723.35 | 14080684 | 8201.46593527 | 

Fri Sep  9 15:00:00 2022 | 1700.7 | 1761.85 | 1686.7 | 1718.4 | 38190201 | 22370.74135352 | 

Fri Sep  9 03:00:00 2022 | 1635.25 | 1720.3 | 1630.3 | 1700.7 | 23132236 | 13709.22776604 | 

Thu Sep  8 15:00:00 2022 | 1635.8 | 1657.5 | 1596.2 | 1635.25 | 18336963 | 11260.28693917 | 

Thu Sep  8 03:00:00 2022 | 1630.1 | 1656.25 | 1603.8 | 1635.8 | 5384444 | 3284.64139271 | 

Wed Sep  7 15:00:00 2022 | 1513.45 | 1657.7 | 1499.75 | 1630.1 | 5639860 | 3590.86150736 | 

Wed Sep  7 03:00:00 2022 | 1558.85 | 1567.85 | 1490.1 | 1513.45 | 3384010 | 2231.17423153 | 

Tue Sep  6 15:00:00 2022 | 1667.95 | 1686.4 | 1556.45 | 1558.85 | 4311043 | 2663.15214638 | 

Tue Sep  6 03:00:00 2022 | 1617.5 | 1677.95 | 1614.95 | 1667.95 | 164220625 | 99465.83696423 | 

Mon Sep  5 15:00:00 2022 | 1566.6 | 1624.75 | 1562.35 | 1617.5 | 5185919 | 3244.0323537 | 

Mon Sep  5 03:00:00 2022 | 1573.3 | 1581.8 | 1556.95 | 1566.6 | 3475770 | 2212.91600636 | 

Sun Sep  4 15:00:00 2022 | 1561 | 1593.25 | 1541.05 | 1573.3 | 6594172 | 4195.27696333 | 

Sun Sep  4 03:00:00 2022 | 1557.35 | 1561.45 | 1538.85 | 1561 | 3196849 | 2058.3553001 | 

Sat Sep  3 15:00:00 2022 | 1548.5 | 1566 | 1535.45 | 1557.35 | 3771740 | 2429.59103427 | 

Sat Sep  3 03:00:00 2022 | 1575.15 | 1582.45 | 1533.8 | 1548.5 | 2290576 | 1466.9182438 | 

Fri Sep  2 15:00:00 2022 | 1593.3 | 1650.85 | 1546.1 | 1575.15 | 4916967 | 3058.23104148 | 

Fri Sep  2 03:00:00 2022 | 1585.25 | 1617.4 | 1568 | 1593.3 | 3217191 | 2025.18944727 | 

Thu Sep  1 15:00:00 2022 | 1577.9 | 1596.7 | 1515.4 | 1585.25 | 2123957 | 1360.58437175 | 

Thu Sep  1 03:00:00 2022 | 1553.9 | 1585.35 | 1530.95 | 1577.9 | 14309983 | 9168.78136808 | 

Wed Aug 31 15:00:00 2022 | 1594.7 | 1608.6 | 1527.65 | 1553.9 | 4384154 | 2795.9320028 | 

Wed Aug 31 03:00:00 2022 | 1523.55 | 1619.4 | 1523.55 | 1594.7 | 4319710 | 2724.47880369 | 

Tue Aug 30 15:00:00 2022 | 1584.15 | 1592.75 | 1473.1 | 1523.55 | 4655012 | 3026.89782799 | 

Tue Aug 30 03:00:00 2022 | 1551.15 | 1605 | 1524.6 | 1584.15 | 9370631 | 5905.19914096 | 

Mon Aug 29 15:00:00 2022 | 1447.85 | 1566.7 | 1447.8 | 1551.15 | 5453078 | 3590.66816011 | 

Mon Aug 29 03:00:00 2022 | 1425.35 | 1461.05 | 1421.1 | 1447.85 | 5697525 | 3944.699662 | 

Sun Aug 28 15:00:00 2022 | 1484.3 | 1495.35 | 1422.4 | 1425.35 | 2184365 | 1479.54929996 | 

Sun Aug 28 03:00:00 2022 | 1490 | 1510.35 | 1468.9 | 1484.3 | 2344523 | 1572.7762616 | 

Sat Aug 27 15:00:00 2022 | 1503.9 | 1507.35 | 1446.15 | 1490 | 2426057 | 1641.1555319 | 

Sat Aug 27 03:00:00 2022 | 1506.35 | 1516.75 | 1457.3 | 1503.9 | 6999884 | 4695.65324011 | 

Fri Aug 26 15:00:00 2022 | 1628.35 | 1701 | 1487.9 | 1506.35 | 2603933 | 1651.22277639 | 

Fri Aug 26 03:00:00 2022 | 1694.35 | 1694.35 | 1625.7 | 1628.35 | 648396 | 391.62286248 | 

Thu Aug 25 15:00:00 2022 | 1709.3 | 1719.85 | 1687.4 | 1694.35 | 223620 | 131.34254396 | 

Thu Aug 25 03:00:00 2022 | 1655.2 | 1713 | 1647.45 | 1709.3 | 259147 | 154.0039601 | 

Wed Aug 24 15:00:00 2022 | 1649.85 | 1688.9 | 1641.9 | 1655.2 | 335010 | 200.90782828 | 

Wed Aug 24 03:00:00 2022 | 1663.75 | 1665.05 | 1604.55 | 1649.85 | 478588 | 293.74300718 | 

Tue Aug 23 15:00:00 2022 | 1619 | 1670.4 | 1606.1 | 1663.75 | 432629 | 263.19113156 | 

Tue Aug 23 03:00:00 2022 | 1626 | 1637.3 | 1562 | 1619 | 242558 | 151.12991872 | 

Mon Aug 22 15:00:00 2022 | 1566.75 | 1628.3 | 1547.3 | 1626 | 1057376 | 668.39015971 | 

Mon Aug 22 03:00:00 2022 | 1616.3 | 1620.25 | 1539.15 | 1566.75 | 5457699 | 3464.13429902 | 

Sun Aug 21 15:00:00 2022 | 1625.1 | 1642.15 | 1568.15 | 1616.3 | 7349617 | 4576.1305035 | 

Sun Aug 21 03:00:00 2022 | 1573.8 | 1634.3 | 1562.35 | 1625.1 | 3807231 | 2354.83479546 | 

Sat Aug 20 15:00:00 2022 | 1629.75 | 1642.5 | 1545 | 1573.8 | 326479 | 205.28661742 | 

Sat Aug 20 03:00:00 2022 | 1607 | 1654.4 | 1598.95 | 1629.75 | 4463701 | 2730.63780848 | 

Fri Aug 19 15:00:00 2022 | 1705.7 | 1723.4 | 1600.75 | 1607 | 1853651 | 1104.81501726 | 

Fri Aug 19 03:00:00 2022 | 1845 | 1845.15 | 1699.7 | 1705.7 | 2585337 | 1459.75734332 | 

Thu Aug 18 15:00:00 2022 | 1857.5 | 1880.7 | 1829.6 | 1845 | 1584709 | 849.8381295 | 

Thu Aug 18 03:00:00 2022 | 1832.1 | 1863.7 | 1822.3 | 1857.5 | 659610 | 357.26059763 | 

Wed Aug 17 15:00:00 2022 | 1874.95 | 1880.85 | 1822.3 | 1832.1 | 1923922 | 1041.888704 | 

Wed Aug 17 03:00:00 2022 | 1875.3 | 1954 | 1860 | 1874.95 | 2034854 | 1077.11356527 | 

Tue Aug 16 15:00:00 2022 | 1905.05 | 1912.15 | 1860 | 1875.3 | 1045010 | 555.63726048 | 

Tue Aug 16 03:00:00 2022 | 1899 | 1912.8 | 1858 | 1905.05 | 1001825 | 531.55400287 | 

Successfully retrieved and printed klines.
